[4.4419866833609385, 13.723186302945887, 44.653890189343116]
[4.365690741506814, 13.82540064670301, 44.49918603615351]
[4.729280729628609, 12.86055410319225, 42.94331913450077]
[5.102912482222897, 14.5751664438215, 42.09034377609449]
[-3.170004049742697, 4.5962033457039295, 7.909172969169229]
[-1.5376903053592357, 5.419400525626901, 9.126106018847231]
[-1.7727840388885774, 5.230836340885683, 9.428493264377972]
[-2.3636699882144527, 4.252046648031222, 9.274497955749364]
[11.25532742768295, -2.702921080902536, 4.868484735089505]
[24.672423686662157, -10.42136455700636, 5.19779474754496]
[25.482155042189476, -10.21646522473261, 3.90953564791096]
[27.48156776584904, -10.364112308885263, 2.848679472454363]
[54.10806243774354, 25.476170970293772, 10.215741288396059]
[53.17552280872286, 24.59192589216011, 10.475124875597219]
[53.1388863801676, 24.40909263645881, 10.464589210975983]
[53.98485431699096, 25.37918268144548, 10.052307601945683]
[91.83614454271618, 97.95103725031097, -43.57188177980651]
[91.16625237282874, 96.23565851101829, -45.940866545661024]
[91.32055607366121, 95.91448108135766, -44.703345721362766]
[91.30328231393408, 95.80320797242439, -44.71693816384624]
[26.528421429300984, 50.19616607764462, 0.18536703289905462]
[26.252175199140712, 49.37159335405437, 0.9020172117234015]
[26.635399346547725, 50.77501681256863, -0.0775889509554223]
[26.002392566472203, 50.16482761151588, -0.3751375846602999]
[-24.89451535537551, -63.46653634241802, 6.22701511469178]
[-32.33446399526378, -65.8086316876922, 5.913363248218032]
[-37.43593086425115, -56.11032210280023, -3.664400076244543]
[-42.378125510464066, -48.087428500877444, -9.846799246144053]
[84.62401850270635, 71.58122505132637, -10.695603943839417]
[84.35235438310265, 72.20910817870397, -10.197974608385733]
[86.00801237084757, 71.98187508730693, -10.670645013218634]
[83.01814781394923, 71.38388184936655, -9.919930935065407]
[11.439487313464047, 23.20579233530015, 5.989672232746517]
[11.934727838248703, 23.194149176872145, 5.636013454934593]
[12.73631419046644, 22.828153527100085, 5.575032504316291]
[12.399469688375497, 22.611997431164145, 5.102080839637523]
[26.05801152521415, 50.16319224328016, 0.12487904161303685]
[26.906195460636066, 50.1548196919835, -1.2620434543304768]
[27.971884788135743, 51.00859631606127, -1.7607730413539981]
[26.55141388624002, 52.47564391187593, -2.702796607386677]
[32.19718983250344, 66.21765302990062, 8.043589996424691]
[30.975690339365322, 66.63746283510092, 8.227216438789261]
[31.327421696243427, 66.33182327522637, 7.938251471009881]
[28.365230264596107, 67.2030994289088, 9.107527662625966]
[33.656851712823546, 22.616705741306642, 27.80769715785163]
[34.72529651859726, 22.893067291554072, 28.420845061162773]
[34.26267220921946, 22.805022315658366, 28.21709530986585]
[33.75759576990123, 22.772543871184112, 27.987127495567336]
[6.544540086945137, -11.32679219015358, 3.435451834161362]
[7.068309183282919, -11.371370259120695, 3.7189581925276256]
[7.1795449321818365, -13.58338511253637, 3.7711249117523344]
[6.2272182995849406, -11.347717577297336, 3.2218217324199356]
[18.329443843885755, -11.536251983651786, 19.363062564606743]
[17.75615156304541, -9.390032118101825, 22.615652247926082]
[16.352707602677363, -8.995453873897496, 23.066520624625173]
[18.854458398086642, -11.07259364188943, 21.378930808100893]
[-8.126718819220574, 10.142144753982741, 2.1389130430443895]
[-8.01962335810765, 9.152381317286078, 2.212324745429906]
[-26.161791103699446, 9.344181891593632, -11.635358573843515]
[-7.308930613145155, 11.04102782217978, 4.715660991824501]
[2.8186419875085553, 67.89496329598174, 63.31885176623296]
[3.2465975823885413, 67.79049333917871, 63.56726726086313]
[2.633065149074269, 64.12529875197058, 68.42939339677923]
[2.601607974928237, 64.18250942709426, 68.39467404995489]
[-27.834100182938194, -1.9558244126456514, -21.243661549131247]
[-28.917756121218062, -3.1385093583997694, -22.79039055171026]
[-41.56647211285701, -0.571515040020723, -40.59629768619634]
[-41.82423327864886, -3.7094569723098485, -40.96892238708102]
[-1.8879757984142091, 7.936196100213227, 11.153630926970134]
[-1.316289521693413, 10.810875625615699, 9.352459898205808]
[-1.282720306129073, 10.65569562007466, 8.87645978150867]
[-0.8193003611158031, 9.094863797111458, 10.299821895725376]
[-4.707230178668405, -5.354166387309678, 32.079505154167215]
[-6.487786239896171, -6.740517422928571, 31.10577636503798]
[-3.3535003673513293, -6.059944789564884, 32.62319873196166]
[-2.631852396190083, -3.3371038610265784, 31.309391956637562]
[-27.44609749698441, 1.6467765234610188, 27.42253084489065]
[-27.56677081240919, 1.4343241843208596, 27.794402651482656]
[-29.41102776040016, 3.4419469654671047, 25.630424223534295]
[-33.61245096814868, 10.48871255685113, -30.270003210561512]
[17.373603494323863, 17.29765300071996, 20.306580324683036]
[16.863383915809514, 16.698325421691894, 21.47081225194089]
[17.03443361641231, 16.899345492033042, 19.95107374135788]
[15.731947395351504, 16.3612953400516, 19.290883032548003]
[46.130285015995355, 8.257153569759524, 54.677472181152126]
[42.662103393789, 31.824459518070853, 31.532215896970808]
[41.98386902537276, 31.309630277181355, 32.704084320414616]
[41.82534208681191, 30.281158095196652, 33.36766637033842]
[31.71010592814312, -6.847975255383014, 28.03390843415107]
[32.85731564067181, -6.888128002344791, 27.05285435554155]
[25.522921184637074, -17.00908057338926, 19.034391462723693]
[31.127958970149223, -6.675241353788381, 28.252631220484584]
[24.30742960243292, 6.41333738458382, 16.14334282585895]
[21.274148829665076, 4.941098675031174, 10.994283314455563]
[23.565388302107362, 6.238866446830043, 15.003389563541752]
[22.899787764093002, 6.038121443931499, 14.103631566309613]
[-20.787025219210467, 57.29953086988002, 14.76969622844029]
[-21.691630820014087, 55.03109099044412, 15.20418113674149]
[-22.324114020088384, 54.34564798559451, 15.247210635943315]
[-23.127658831676943, 52.86456081741806, 14.285592859615662]
[7.7130947466544155, 9.447166342006385, 3.7421569640200296]
[8.086868455948855, 9.648419112554658, 3.7397302953115408]
[10.021469715152513, 10.684340133958498, 2.1225534549288203]
[15.962069031495226, 8.23204024646002, 4.362686793966127]
[36.117766012009795, 41.488726575355855, -3.63158759048206]
[37.02268057711069, 41.31192838513875, -3.4043716910027846]
[35.204917546061075, 40.2535413916662, -6.085609553856869]
[34.94385865878199, 41.105022167713905, -6.819881421911491]
[14.121559428410785, 10.170690238509799, -3.113811451882846]
[15.415685084305483, 10.609565488692628, -2.108988896019985]
[0.7185005029187985, -10.520980375274346, 35.62781661479916]
[14.775963632429356, 10.042542326510995, 1.4356562054028374]
[-17.212463671918158, 0.5610973045977172, 25.38931626516068]
[1.8139942479619564, 7.641054401956781, 27.596760460782985]
[1.1929364908663755, 7.873627769319125, 27.105303034129555]
[1.0061341714906584, 7.398068481100555, 27.206102285984965]
[5.939992309903549, 56.94136454291004, 0.9835873950357263]
[6.890141229788724, 57.25293561288967, 0.524459506706428]
[6.577212858316708, 56.76344489617685, 0.4759809940402437]
[6.676815746907995, 56.93362505392261, 0.5500567382044127]
[12.392248021623558, 27.68701159302136, 10.834896767958998]
[12.142914036077629, 26.368419752223666, 10.205553132887204]
[11.832283537940054, 26.929963226817687, 9.637839409174353]
[11.449493253152806, 30.291071188083773, 9.823345073726301]
[3.41432667697935, 7.325551940965418, 18.922057807200837]
[2.594425395646382, 6.9039570019308325, 18.838996818296955]
[-9.665938984710053, 6.178926504229832, 8.448425649471254]
[-9.77485987240392, 6.071015991170612, 8.790755617810829]
[15.352997529992171, 56.8190044937519, 37.634808614169025]
[16.472864290385886, 53.97489127111686, 37.56469149428647]
[18.549456028120684, 54.60912361862661, 37.17622037530388]
[17.00795627323543, 54.92034740032703, 37.08322762345495]
[6.157450231030476, 17.588801634862346, 49.92191889277212]
[5.549054229406062, 20.798863033553342, 49.4047197090244]
[5.520390899873657, 20.311579787251695, 48.52442791501556]
[5.507107474251249, 18.35881910289402, 47.79003052440622]
[21.6209664875151, 6.9987723215456965, 16.77287812230324]
[16.9862654208129, 8.655013785893928, 9.881187199302257]
[19.038300060739683, 6.234761938353193, 12.897354875437273]
[16.717186739627067, 8.734194135107996, 11.246362213125378]
[3.541820433033448, -8.11842547965904, -1.5468543410090818]
[3.322956557078176, -8.272552414279094, -1.4950259059335742]
[3.906778920838954, -7.4674296258489, -1.1131414985773165]
[4.278163228522874, -5.948773157165645, 0.3146932783183144]
[9.543451788655558, 2.6840284407933668, 24.734436075814056]
[8.582394128976643, 2.949668918261107, 26.12704106232929]
[9.013548366240109, 5.76492296595923, 23.682979937336274]
[9.027792368393913, 5.326823151683962, 25.133504246885327]
[32.850076058184115, 0.5751471146808643, 13.02068414296345]
[16.50755746835194, 5.036503158414999, 15.187740969210866]
[17.125641072481027, 6.17143102659218, 15.165735426383335]
[16.782076118825106, 5.289318661049593, 15.264085435634264]
[0.5069505924582215, 41.32012944199524, -5.82548220850177]
[0.7274378997522601, 32.8984071873649, -3.291100779894668]
[0.9198291822928768, 33.680629799873266, -2.794908207233776]
[5.134537125179411, 31.771567640201287, -2.4436209706738956]
[27.774161364506213, 2.3055327066986564, 6.86961340323445]
[27.704597123662577, 1.9912233502493522, 6.470080029251708]
[27.531026826004233, 2.3696596420022233, 6.177793755120895]
[27.980389249002414, 2.096117046163612, 4.905729487476332]
[2.50493770342616, -2.9965026345972587, 17.25595036337649]
[-14.863241514281395, -2.7936175489055057, 14.859874738702182]
[15.263386589915134, 2.917856500034784, 14.916550699958515]
[15.798463661869373, 2.3933846210956986, 15.027666683937293]
[-0.9949476966786255, 40.92714448765894, 24.074084153427034]
[-7.9363927031024515, 55.786278586896216, 12.180506980516256]
[-7.878252771005071, 56.23589432234747, 12.11401616475798]
[-7.396401435690758, 55.7075649635411, 12.185246346275]
[39.30705656798693, 6.42767192041979, 7.812896895809101]
[68.11250369322434, -5.007807814128751, 8.439374588039465]
[67.81736448927158, -5.17618043319885, 8.85101283148223]
[67.97974220732819, -5.236983737700958, 8.884760901908106]
[-1.3172485329567936, 51.74527681422381, 165.58147011617373]
[-2.232481855862374, 51.556000069437836, 165.10973036126157]
[-1.484472606220915, 51.177483406995876, 165.69591865365254]
[-2.350141007592744, 51.09997678532699, 167.4042852988639]
[8.036710619698436, 7.103284186033491, 21.64030081065395]
[7.737258237827264, 6.204423280801381, 22.431376589161268]
[7.361835846340999, 5.7396914662460174, 21.877119669731652]
[7.303016392041305, 5.46706809454733, 21.984155951124812]
[56.132535720649784, 73.52065504654962, 20.532571598836583]
[56.00326746356502, 73.02070963908355, 20.719041144353337]
[56.09388291283527, 72.78492728664493, 20.66298143200676]
[56.07104001340622, 71.94778784223394, 20.94000656632339]
[-1.3032556982352266, 15.46436024903341, 18.070154421920574]
[-2.4048100555162426, 16.959523700442325, 17.26935735868719]
[-1.4525565545753194, 14.90230574236071, 16.91610579360989]
[-0.9930932365017976, 17.182761901537113, 20.723666048434023]
[22.8207190689643, 34.3096894868801, 4.995461982418442]
[20.242143418799056, 33.62436256317902, 5.106105217928971]
[19.950175044824075, 33.60661084671318, 5.083810871772723]
[22.56817677291817, 34.38660309444783, 4.799781812170534]
[39.01823351168509, -11.900672910816077, -12.29778698153884]
[38.963675211111145, -11.80599664763311, -11.034510355938536]
[38.71757833986001, -11.719720039851591, -10.359468687642833]
[39.08950831848642, -11.719260339537607, -8.52018956452839]
[-3.9555600000708644, 12.193787823983541, -68.24296461046114]
[1.0119350566673555, 26.367429541860545, -3.0893868797746626]
[1.9327153533788135, -27.525165010025248, -6.883493645056475]
[2.583441990245421, 25.198593090191615, -4.595889483030265]
[-2.2670799884926613, 17.20577596696277, 14.09284095934014]
[-2.512930127672815, 17.83441644226681, 13.544821735184051]
[-2.4744811786033707, 16.994129727699473, 14.10910859361566]
[-2.497951558634236, 17.04431985698714, 14.056596863170823]
[-10.086434621598798, 29.423989543312494, -12.46955559298129]
[-10.061235929451469, 30.856429607646447, -13.78374251415593]
[-9.645401704214937, 31.489800234169792, -13.889175828172526]
[-9.235667867988667, 30.667635580268126, -14.488045745461406]
[13.646914585451265, 13.35996988912326, 45.463027597131806]
[-1.8819182128982976, 26.053756778004143, 69.17162914950356]
[14.6895826468155, 16.036903031213992, 45.956162751224845]
[10.487713785995151, 3.099249469225826, 89.8605805441284]
[-6.027537126564961, 33.39651724119172, 2.727467441172072]
[-6.743084816801638, 33.90570486487874, 0.8420125305288485]
[-5.89325610070545, 33.28639013169352, 2.5932164220438167]
[-6.188036065919811, 33.43645364823601, 2.583642815316801]
[-7.6558942433362205, -7.98181100759924, -18.40432756744728]
[-7.028139435878139, -7.430877966125675, -18.209690238489788]
[-6.336648884416435, -6.569981714927971, -17.916593216078923]
[-7.066165110687993, -7.245022123413702, -18.36887180366411]
[-2.796851979681687, -6.24387102702629, -6.7973874514013435]
[-3.5976855574056756, -9.223835114041263, -6.071082906816821]
[-2.055385708330194, -5.27533075095273, -5.339379133722173]
[-3.2237289201077193, -5.690774555994484, -5.353191743181154]
[38.03169542761422, -1.5717516259607969, 12.984700614654384]
[38.136871085158454, -1.493429139924954, 12.953143448638723]
[36.862100995839924, 0.008821370173555642, 12.54109727561496]
[37.519472468053415, 3.4813553732828133, 15.351241871662555]
