4.442
4.366
4.729
6.432
-3.170
-1.538
-1.773
-2.364
11.255
24.672
25.482
27.482
54.108
53.176
53.139
53.985
91.836
91.166
91.321
91.303
26.528
26.252
26.635
26.002
-24.895
-32.334
-30.366
-42.378
84.624
84.352
86.008
82.688
11.439
11.935
12.736
12.399
26.058
26.906
27.972
26.551
32.197
30.976
31.327
28.365
33.657
24.763
34.263
33.758
6.545
7.068
7.180
6.227
18.329
17.756
16.353
18.854
-8.127
-8.020
-26.162
-7.309
2.819
3.247
2.633
2.602
-27.834
-28.918
-27.764
-27.483
-1.888
-1.316
-1.283
-0.819
-4.707
-6.488
-3.354
-2.632
-27.446
-27.567
-29.411
-33.612
17.374
16.863
17.034
15.732
46.130
42.662
41.984
41.825
33.291
32.857
18.715
31.481
24.307
21.274
23.565
23.169
-20.787
-21.692
-22.324
-23.128
7.713
8.807
10.021
15.692
36.118
37.023
35.205
34.944
14.122
15.416
0.719
14.772
-17.212
1.814
1.193
1.006
5.940
6.890
6.577
6.677
12.392
12.143
12.070
11.449
3.414
2.594
-9.666
-9.775
15.353
16.473
18.549
17.008
6.157
5.549
5.520
5.507
21.621
16.986
19.038
16.717
3.542
3.323
3.907
4.278
9.543
8.516
9.014
9.028
32.850
16.508
17.126
16.782
0.348
0.727
1.255
5.135
27.774
27.705
27.050
27.980
2.505
-14.863
15.263
15.798
-0.995
-7.936
-7.878
-7.396
39.307
68.113
67.817
67.980
-1.317
-2.232
-1.484
-2.350
8.037
7.737
7.362
7.303
56.133
56.003
56.094
56.071
-1.303
-2.405
-1.453
-0.993
22.821
20.242
19.950
22.568
39.018
38.964
38.718
39.090
-3.956
1.012
1.933
2.583
-2.267
-2.513
-2.427
-2.478
-10.086
-10.061
-9.645
-9.236
13.647
-1.882
14.690
10.488
-6.028
-6.743
-5.893
-6.188
-7.656
-7.028
-6.337
-7.066
-2.797
-3.598
-2.055
-3.224
38.032
38.137
38.862
37.519
