44.654
44.499
42.943
44.623
7.909
9.126
9.428
9.274
4.868
5.198
3.910
2.849
10.216
10.475
10.465
10.052
-43.572
-45.941
-44.703
-44.717
0.185
0.902
-0.078
-0.375
6.227
5.913
6.500
-9.847
-10.696
-10.198
-10.671
-9.571
5.990
5.636
5.575
5.102
0.125
-1.262
-1.761
-2.703
8.044
8.227
7.938
9.108
27.808
58.190
28.217
27.987
3.435
3.719
3.771
3.222
19.363
22.616
23.067
21.379
2.139
2.212
-11.635
4.716
63.319
63.567
68.429
68.395
-21.244
-22.790
-20.709
-20.559
11.154
9.352
8.876
10.300
32.080
31.106
32.623
31.309
27.423
27.794
25.630
-30.270
20.307
21.471
19.951
19.291
54.677
31.532
32.704
33.368
27.047
27.053
6.551
27.895
16.143
10.994
15.003
13.936
14.770
15.204
15.247
14.286
3.742
3.740
2.123
4.363
-3.632
-3.404
-6.086
-6.820
-3.114
-2.109
35.628
1.303
25.389
27.597
27.105
27.206
0.984
0.524
0.476
0.550
10.835
10.206
9.798
9.823
18.922
18.839
8.448
8.791
37.635
37.565
37.176
37.083
49.922
49.405
48.524
47.790
16.773
9.881
12.897
11.246
-1.547
-1.495
-1.113
0.315
24.734
26.128
23.683
25.134
13.021
15.188
15.166
15.264
-9.391
-3.291
-1.882
-2.444
6.870
6.470
6.071
4.906
17.256
14.860
14.917
15.028
24.074
12.181
12.114
12.185
7.813
8.439
8.851
8.885
165.581
165.110
165.696
167.404
21.640
22.431
21.877
21.984
20.533
20.719
20.663
20.940
18.070
17.269
16.916
20.724
4.995
5.106
5.084
4.800
-12.298
-11.035
-10.359
-8.520
-68.243
-3.089
-6.883
-4.596
14.093
13.545
14.040
13.929
-12.470
-13.784
-13.889
-14.488
45.463
69.172
45.956
89.861
2.727
0.842
2.593
2.584
-18.404
-18.210
-17.917
-18.369
-6.797
-6.071
-5.339
-5.353
12.985
12.953
12.541
15.351
