13.723
13.825
12.861
13.586
4.596
5.419
5.231
4.252
-2.703
-10.421
-10.216
-10.364
25.476
24.592
24.409
25.379
97.951
96.236
95.914
95.803
50.196
49.372
50.775
50.165
-63.467
-65.809
-63.732
-48.087
71.581
72.209
71.982
71.557
23.206
23.194
22.828
22.612
50.163
50.155
51.009
52.476
66.218
66.637
66.332
67.203
22.617
24.742
22.805
22.773
-11.327
-11.371
-13.583
-11.348
-11.536
-9.390
-8.995
-11.073
10.142
9.152
9.344
11.041
67.895
67.790
64.125
64.183
-1.956
-3.139
-2.754
-3.135
7.936
10.811
10.656
9.095
-5.354
-6.741
-6.060
-3.337
1.647
1.434
3.442
10.489
17.298
16.698
16.899
16.361
8.257
31.824
31.310
30.281
-6.949
-6.888
-30.308
-6.569
6.413
4.941
6.239
5.382
57.300
55.031
54.346
52.865
9.447
9.648
10.684
8.232
41.489
41.312
40.254
41.105
10.171
10.610
-10.521
10.055
0.561
7.641
7.874
7.398
56.941
57.253
56.763
56.934
27.687
26.368
27.485
30.291
7.326
6.904
6.179
6.071
56.819
53.975
54.609
54.920
17.589
20.799
20.312
18.359
6.999
8.655
6.235
8.734
-8.118
-8.273
-7.467
-5.949
2.684
2.876
5.765
5.327
0.575
5.037
6.171
5.289
52.789
32.898
32.973
31.772
2.306
1.991
2.464
2.096
-2.997
-2.794
2.918
2.393
40.927
55.786
56.236
55.708
6.428
-5.008
-5.176
-5.237
51.745
51.556
51.177
51.100
7.103
6.204
5.740
5.467
73.521
73.021
72.785
71.948
15.464
16.960
14.902
17.183
34.310
33.624
33.607
34.387
-11.901
-11.806
-11.720
-11.719
12.194
26.367
-27.525
25.199
17.206
17.834
17.326
17.427
29.424
30.856
31.490
30.668
13.360
26.054
16.037
3.099
33.397
33.906
33.286
33.436
-7.982
-7.431
-6.570
-7.245
-6.244
-9.224
-5.275
-5.691
-1.572
-1.493
0.009
3.481
